dw = [
4452 28 -1239
1282 402 -445
3457 932 1210
1327 515 760
532 -35 -289
532 44 -496
1515 218 555
4019 42 -1163
397 -17 -32
10600 2405 1449
3575 855 634
6079 1989 1915
587 13 -535
2160 198 393
5715 448 -87
1634 390 723
5648 1981 1441
10776 1575 2165
6141 1646 2959
6233 729 1534
1156 104 294
1717 1328 866
2701 408 -2280
3030 487 -2151
2919 292 -1825
2297 309 -1746
1611 687 -231
1092 457 317
749 241 -425
930 229 -1249
3261 450 -1928
2864 726 -1900
9836 9138 9307
4911 82 -800
8586 2296 5925
10783 6939 9728
6291 1140 -589
6095 1693 -187
3772 1385 -279
3971 1270 124
15163 -503 -2927
10736 7291 9883
14798 853 -1736
14312 -848 10757
6460 1779 -439
6815 1276 -161
7237 1992 -1618
6040 1614 -1626
15538 -375 -2841
15818 -376 -3081
15875 -380 -3090
15818 -376 -3081
15618 -2913 9944
12250 1602 5253
];
ui = [
17909 33165 32824
5279 33655 33183
14009 34798 36128
5485 33925 34687
2252 32896 32896
2276 32956 32675
6177 33534 34548
16158 33171 32823
1664 32918 33133
42756 37507 38256
14471 34633 35344
24589 36631 37822
2479 32956 32675
8758 33492 34633
23034 34022 34805
6666 33776 34830
22847 36566 37040
43459 36281 39303
24854 36170 39319
25161 34651 37274
4791 33272 34029
7055 35231 35104
10824 33520 30889
12170 33675 31164
11719 33405 31609
9225 33424 31572
6562 34184 33597
4531 33847 34010
3115 33348 32933
3824 33270 31983
13110 33674 31551
11519 34090 31502
40051 48196 49591
19762 33339 33569
34754 37500 44165
43788 44934 50305
25344 35094 34234
24589 35993 34787
15246 35388 34078
16060 35241 34707
60864 32685 32958
43609 45472 50519
59477 34964 34628
57779 33283 52307
26045 36128 34508
27466 35382 34983
29129 36373 32998
24305 35714 32684
62377 32919 33176
63493 32896 32896
63721 32896 32896
63493 32896 32896
62969 30145 51427
49456 36634 44085
];
fl = [
27.3198 1.0428 -0.29572
7.96826 3.12062 1.14786
21.3642 7.40467 12.5681
8.31464 4.10117 7.05837
3.32036 0 0
3.36004 0.245136 -0.894942
9.41939 2.45525 6.5214
24.6509 1.05837 -0.299611
2.49485 0.0622568 0.859922
65.2369 17.9377 20.8482
22.0768 6.74708 9.52918
37.5143 14.5331 19.1673
3.67742 0.256809 -0.941634
13.3593 2.29572 6.7393
35.1385 4.37743 7.42023
10.1717 3.40856 7.64591
34.8547 14.2802 16.1051
66.3111 13.1673 24.93
37.9171 12.7354 24.9805
38.3902 6.82101 17.0311
7.1931 1.60311 4.31907
10.7485 9.10506 8.66926
16.5103 2.40078 -7.82101
18.5626 3.00389 -6.74708
17.8866 1.96887 -5.01556
14.081 2.0428 -5.16342
10.0008 5 2.71984
6.79026 3.83658 4.29183
4.68605 1.68872 0.0466926
5.72518 1.46693 -3.71984
19.9924 3.01167 -5.24903
17.5647 4.61868 -5.45136
61.1078 59.5409 64.9922
30.1472 1.71595 2.607
53.0312 17.9144 43.8521
66.8116 46.8482 67.7432
38.6664 8.55642 5.19455
37.5128 12.0506 7.3463
23.2517 9.68482 4.57977
24.4953 9.11673 7.0428
92.8725 -0.824903 0.237354
66.537 48.9416 68.6109
90.7546 8.04669 6.73541
88.1636 1.49805 75.5409
39.7375 12.5759 6.26459
41.9089 9.66926 8.11284
44.4434 13.5253 0.385214
37.084 10.9611 -0.832685
95.1812 0.0856031 1.09339
96.8856 0 0
97.232 0 0
96.8856 0 0
96.083 -10.7121 72.1206
75.4635 14.5447 43.5409
];
